Enter a Even Number for Population Size
500
Enter a Even Number for Number of Generations
500
Enter the Crossover rate as a decimal (i.e 0.1 = 10%)
0.9
Enter Mutation rate as a decimal (i.e. 0.1 = 10%)
0.1
Enter Reproduction Value (K value):
5
Choose Crossover: 
1. Ordered Crossover
2. Uniformed Ordered Crossover
1
Enter seed
9841656
---------------------------------------------------
POPULATION:             500
GENERATIONS:            500
CROSSOVER RATE:         0.9
MUTATION RATE:          0.1
REPRODUCTION VALUE:     5
CROSSOVER TYPE:         Ordered Crossover
SEED:                   9841656

---------------------------------------------------
Average                         BEST
---------------------------------------------------
157.3934924120312               154.5421635294824
156.48319200216935              153.73584759406324
155.92332381120502              152.55492772731412
155.35701667536418              151.92243867839866
154.79684991152132              151.54497712910228
154.28802418265107              151.12928137018557
153.84487722967086              150.98891529954244
153.18302874440465              150.6774065066693
152.7624077472142               150.6774065066693
152.8748537528509               150.6774065066693
152.27107206893484              150.6774065066693
151.90905848465022              150.57582680189364
151.95745885925376              150.55947064043715
151.8230524134758               150.55947064043715
151.8919550814814               150.55947064043715
152.5573522430576               150.4633746408201
152.02050263040942              150.4633746408201
152.12387268314927              150.405555082921
152.05837216785417              150.36425330822732
152.03131794093616              149.91223056065786
151.6986956267926               149.91223056065786
151.43447600316196              149.91223056065786
153.21797742491984              149.91223056065786
154.2167737571834               149.91223056065786
152.7398902724665               149.91223056065786
152.4384386564023               149.91223056065786
152.88150950730105              149.91223056065786
152.26932230937624              149.91223056065786
150.8616546669696               149.91223056065786
150.95261966709555              149.91223056065786
151.6114817947621               149.91223056065786
151.8427841711859               149.91223056065786
152.2810121060349               149.91223056065786
151.51967394415547              149.14978103393088
152.2436374229489               149.14978103393088
151.05905421527777              149.14978103393088
150.41620487964673              149.14978103393088
151.08967871384888              149.14978103393088
149.9848888324888               149.14978103393088
150.38064480636177              149.14978103393088
150.90664176739793              149.14978103393088
150.68610317363073              149.14978103393088
150.62294331809622              149.14978103393088
151.44381514016027              149.14978103393088
151.56162929297415              149.14978103393088
150.6828796241988               149.14978103393088
150.9006722136301               149.14978103393088
150.52190802477813              149.14978103393088
150.03106263676955              149.14978103393088
150.04078732267354              149.14978103393088
151.4445031224724               149.14978103393088
151.54439409827333              149.14978103393088
152.8932846321102               149.14978103393088
152.0725263661898               149.14978103393088
150.52837858919716              149.14978103393088
150.36103462207208              149.14978103393088
150.32480213046935              149.14978103393088
150.97051111304012              149.14978103393088
151.46029704168217              149.14978103393088
152.46328609016888              149.14978103393088
150.623242509555                149.14978103393088
151.94422184806712              149.14978103393088
151.07796478782575              149.14978103393088
151.3599130937269               149.14978103393088
151.41828930237997              149.14978103393088
150.52261697751334              149.14978103393088
149.99266680755818              149.14978103393088
150.08812667586625              149.14978103393088
151.59759072259322              149.14978103393088
151.4868586317535               149.14978103393088
153.10135500586554              149.14978103393088
153.6551110933956               149.14978103393088
151.71732302605935              149.14978103393088
151.21207894831264              149.14978103393088
150.24388332682605              149.14978103393088
151.07301624488844              149.14978103393088
151.90887464792755              149.14978103393088
152.02401432626326              149.14978103393088
154.07900338016557              149.14978103393088
152.7854168952358               149.14978103393088
151.23575029887007              149.14978103393088
151.05361241517002              149.14978103393088
150.23546780677114              149.14978103393088
151.14710646308816              149.14978103393088
151.12379201703007              149.14978103393088
151.9007994921452               149.14978103393088
150.29244566830468              149.14978103393088
150.5497027638441               149.14978103393088
149.8576785265688               149.14978103393088
151.9338890045473               149.14978103393088
151.08363420044043              149.14978103393088
151.5649250938685               149.14978103393088
151.57973013198537              149.14978103393088
150.5907166200905               149.14978103393088
151.460842318085                149.14978103393088
150.174330145753                149.14978103393088
149.96638963859507              149.14978103393088
149.7814086675659               149.14978103393088
149.89431308255928              149.14978103393088
150.50065020755628              149.14978103393088
151.33356590496965              149.14978103393088
152.22668500374152              149.14978103393088
152.45556684286575              149.14978103393088
153.11577324894802              149.14978103393088
152.77153889529924              149.14978103393088
153.18055703092062              149.14978103393088
151.3888410700018               149.14978103393088
152.5358429277206               149.14978103393088
151.7437214693688               149.14978103393088
150.9863639755646               149.14978103393088
151.4766763442054               149.14978103393088
151.04712241064667              149.14978103393088
153.50618573378176              149.14978103393088
153.2047043321896               149.14978103393088
152.30910435326626              149.14978103393088
151.5025175256062               149.14978103393088
150.558575466316                149.14978103393088
150.31643205719152              149.14978103393088
151.73959436050836              149.14978103393088
150.72449809869752              149.14978103393088
150.58263003452663              149.14978103393088
150.03535433298606              149.14978103393088
150.55361890490272              149.14978103393088
150.49137541415848              149.14978103393088
150.61029883525958              149.14978103393088
152.32791376238697              149.14978103393088
152.24746062831866              149.14978103393088
151.95385382871657              149.14978103393088
151.24315973164767              149.14978103393088
150.43990227511915              149.14978103393088
150.12528583808984              149.14978103393088
150.9698334076316               149.14978103393088
150.25444939273422              149.14978103393088
150.92612929902236              149.14978103393088
150.4330046046472               149.14978103393088
150.13710329110995              149.14978103393088
150.44282514177215              149.14978103393088
151.13377379243235              149.14978103393088
150.37618960739144              149.14978103393088
150.1357571838541               149.14978103393088
150.70472760503938              149.14978103393088
150.53280126731104              149.14978103393088
150.41409026793696              149.14978103393088
150.0593311290123               149.14978103393088
149.9532618001916               149.14978103393088
152.026397214123                149.14978103393088
153.16852442258352              149.14978103393088
151.7091791678117               149.14978103393088
150.53608981052932              149.14978103393088
150.30882904920134              149.14978103393088
150.59378397032953              149.14978103393088
152.03506616722643              149.14978103393088
151.7604243327622               149.14978103393088
152.80013225524235              149.14978103393088
152.31749446128276              149.14978103393088
150.7253731998672               149.14978103393088
150.641243380214                149.14978103393088
150.19969729956918              149.14978103393088
149.81901369317256              149.14978103393088
149.78695761241707              149.14978103393088
149.70811052047773              149.14978103393088
152.49170219697356              149.14978103393088
152.3169367552684               149.14978103393088
152.5841823447047               149.14978103393088
153.65885235214193              149.14978103393088
151.15150315974137              149.14978103393088
151.15190024134196              149.14978103393088
151.0182664315737               149.14978103393088
151.24640971792465              149.14978103393088
151.76506045682757              149.14978103393088
151.69890222545453              149.14978103393088
150.88859110969204              149.14978103393088
151.98821238602446              149.14978103393088
151.07031445862188              149.14978103393088
150.52377620617463              149.14978103393088
150.55816551232797              149.14978103393088
150.4834357640256               149.14978103393088
150.3844917638032               149.14978103393088
152.13543915042573              149.14978103393088
153.4751318540353               149.14978103393088
151.50336663163796              149.14978103393088
150.47016619356194              149.14978103393088
149.88461918356546              149.14978103393088
150.33927867155666              149.14978103393088
150.0173413498346               149.14978103393088
150.53389720596013              149.14978103393088
150.28557165148072              149.14978103393088
150.4510720060307               149.14978103393088
150.18941500940653              149.14978103393088
149.8360539511725               149.14978103393088
149.73236350986502              149.14978103393088
150.32439286863934              149.14978103393088
150.48533942871956              149.14978103393088
150.39674972012054              149.14978103393088
150.0555510534841               149.14978103393088
150.11653716725084              149.14978103393088
150.25697567475723              149.14978103393088
149.93978408677518              149.14978103393088
150.06440185603938              149.14978103393088
151.00390932000806              149.14978103393088
151.51055637879958              149.14978103393088
151.40962778241456              149.14978103393088
151.3287835628759               149.14978103393088
152.77533014567405              149.14978103393088
152.39213097167786              149.14978103393088
151.37907154578625              149.14978103393088
150.00243400642984              149.14978103393088
150.8807378673822               149.14978103393088
150.6021568640689               149.14978103393088
150.2307980052953               149.14978103393088
149.7789334375521               149.14978103393088
151.05259311357057              149.14978103393088
151.4548145412858               149.14978103393088
150.18644210390372              149.14978103393088
150.31395193319838              149.14978103393088
150.1255155481338               149.14978103393088
150.54309251312756              149.14978103393088
150.63185092151275              149.14978103393088
150.39745194540734              149.14978103393088
150.17729344030212              149.14978103393088
150.59683494569867              149.14978103393088
153.17459843223315              149.14978103393088
151.5729527313041               149.14978103393088
150.86645629252854              149.14978103393088
150.80390674620716              149.14978103393088
151.01980327296366              149.14978103393088
150.74200284499796              149.14978103393088
150.02813433780202              149.14978103393088
149.99732804926228              149.14978103393088
149.8102851334098               149.14978103393088
149.86867998989203              149.14978103393088
151.24205076335573              149.14978103393088
152.14701832283518              149.14978103393088
151.89005871448248              149.14978103393088
151.63444282522082              149.14978103393088
151.43406387955895              149.14978103393088
150.7032328367438               149.14978103393088
150.72514257644448              149.14978103393088
150.24826067261594              149.14978103393088
150.2646984960642               149.14978103393088
149.86260290910275              149.14978103393088
149.8148930129541               149.14978103393088
150.31474074619928              149.14978103393088
152.61116134459039              149.14978103393088
153.22041002506958              149.14978103393088
151.25837847080626              149.14978103393088
150.42005722313235              149.14978103393088
150.11011510479614              149.14978103393088
150.05397845457293              149.14978103393088
150.10286020139947              149.14978103393088
149.92445377005157              149.14978103393088
150.22856188798013              149.14978103393088
149.87548642551664              149.14978103393088
150.5351582035477               149.14978103393088
152.1687967196993               149.14978103393088
150.27982862651078              149.14978103393088
152.00208656682688              149.14978103393088
150.45475629343113              149.14978103393088
149.90379773281043              149.14978103393088
149.80046300233832              149.14978103393088
150.7294724051267               149.14978103393088
151.21499226614628              149.14978103393088
152.3393572994539               149.14978103393088
151.85526946680523              149.14978103393088
151.29652780045592              149.14978103393088
150.48312821436306              149.14978103393088
150.83635011639603              149.14978103393088
149.97973585556613              149.14978103393088
151.35577926503112              149.14978103393088
150.34194953253981              149.14978103393088
149.94795762450693              149.14978103393088
150.3990769710065               149.14978103393088
150.57580746843328              149.14978103393088
150.21327391679142              149.14978103393088
150.29124483831382              149.14978103393088
151.21368623154993              149.14978103393088
150.5507706759267               149.14978103393088
150.12756047489987              149.14978103393088
150.208008788764                149.14978103393088
150.17231570367915              149.14978103393088
150.22904377882404              149.14978103393088
149.99407257556433              149.14978103393088
149.89383070718546              149.14978103393088
150.4896530201105               149.14978103393088
149.94016000968256              149.14978103393088
151.9451462433549               149.14978103393088
152.34342615211378              149.14978103393088
152.15269877977485              149.14978103393088
152.4734895659756               149.14978103393088
152.1491173719426               149.14978103393088
152.0854665474984               149.14978103393088
152.50056718395874              149.14978103393088
152.80466531652263              149.14978103393088
153.00082606178938              149.14978103393088
152.84997134485022              149.14978103393088
151.0643738917607               149.14978103393088
151.78906967369863              149.14978103393088
151.7302336766084               149.14978103393088
150.61222971057265              149.14978103393088
150.138364662911                149.14978103393088
150.20032407172354              149.14978103393088
150.56251685700462              149.14978103393088
150.53583243329177              149.14978103393088
151.4395075267356               149.14978103393088
150.77281385185395              149.14978103393088
150.43749761058265              149.14978103393088
151.6685080540098               149.14978103393088
151.22575783184317              149.14978103393088
150.15765900689095              149.14978103393088
151.4574454024672               149.14978103393088
150.44510812108922              149.14978103393088
150.65542598722925              149.14978103393088
150.14181570317984              149.14978103393088
149.8731221663067               149.14978103393088
149.79273182491266              149.14978103393088
149.8950054862565               149.14978103393088
150.88928156621284              149.14978103393088
151.88546558567703              149.14978103393088
151.78120641338316              149.14978103393088
150.1110228701257               149.14978103393088
150.08842522367817              149.14978103393088
149.9816124225278               149.14978103393088
150.58614884691244              149.14978103393088
150.80929540031508              149.14978103393088
150.27208951589355              149.14978103393088
151.57124781907618              149.14978103393088
151.37214802941537              149.14978103393088
151.06664364573749              149.14978103393088
152.4107367583258               149.14978103393088
150.44627488534766              149.14978103393088
149.99637412962994              149.14978103393088
150.90416187055743              149.14978103393088
149.83700243474468              149.14978103393088
151.47689965140805              149.14978103393088
151.72471887791235              149.14978103393088
151.80869810902195              149.14978103393088
150.86261918019244              149.14978103393088
150.26448002753497              149.14978103393088
150.1188956848005               149.14978103393088
150.6516196922302               149.14978103393088
150.34224633556835              149.14978103393088
150.0536955040336               149.14978103393088
150.66137566638216              149.14978103393088
150.59818885222455              149.14978103393088
150.19385607138724              149.14978103393088
150.3580170826239               149.14978103393088
149.92913449647168              149.14978103393088
151.9861029412414               149.14978103393088
151.10673246574146              149.14978103393088
151.45424135861447              149.14978103393088
152.73543233084635              149.14978103393088
151.22223087386453              149.14978103393088
150.78733135359244              149.14978103393088
150.4553291342437               149.14978103393088
150.77447718188992              149.14978103393088
150.476053936808                149.14978103393088
149.9131610242394               149.14978103393088
150.3663011566294               149.14978103393088
152.8389323015771               149.14978103393088
151.45717206146995              149.14978103393088
150.68571469857002              149.14978103393088
150.5218251606422               149.14978103393088
152.73974970881397              149.14978103393088
152.31741956363518              149.14978103393088
151.90985500188742              149.14978103393088
151.05711512532488              149.14978103393088
152.8666280456018               149.14978103393088
152.15908106009977              149.14978103393088
151.30233745799984              149.14978103393088
150.88938424169834              149.14978103393088
151.89906116197469              149.14978103393088
152.82387602042456              149.14978103393088
152.4734297029732               149.14978103393088
151.9287660631887               149.14978103393088
151.28059246257584              149.14978103393088
151.25613604646983              149.14978103393088
150.84937925491974              149.14978103393088
150.96218381393862              149.14978103393088
150.9803576233048               149.14978103393088
152.2458267852803               149.14978103393088
152.10870119849656              149.14978103393088
151.72376364362245              149.14978103393088
151.28216792217128              149.14978103393088
150.31159397097292              149.14978103393088
150.8720339701892               149.14978103393088
151.61723078014342              149.14978103393088
151.99551433581547              149.14978103393088
151.4301921987431               149.14978103393088
150.78943434964347              149.14978103393088
150.9915785926373               149.14978103393088
150.13293643349826              149.14978103393088
150.2448604761266               149.14978103393088
150.04322711412232              149.14978103393088
150.12110354898783              149.14978103393088
150.08186111991014              149.14978103393088
150.51981833438813              149.14978103393088
150.2073964542617               149.14978103393088
150.3107493847445               149.14978103393088
151.32591168086844              149.14978103393088
152.32705722272647              149.14978103393088
151.84486531686485              149.14978103393088
150.81016524387667              149.14978103393088
151.3575247811966               149.14978103393088
151.91874850687645              149.14978103393088
151.53838921947226              149.14978103393088
152.31294098264024              149.14978103393088
152.45325567150527              149.14978103393088
151.8678922725438               149.14978103393088
151.15304348411334              149.14978103393088
153.6768055004075               149.14978103393088
151.94329414741551              149.14978103393088
150.62925413230937              149.14978103393088
151.34581770828066              149.14978103393088
151.88491921173198              149.14978103393088
151.67298035285515              149.14978103393088
151.60262259366164              149.14978103393088
151.52838219386402              149.14978103393088
151.03114427981762              149.14978103393088
151.69027370282924              149.14978103393088
151.09437829572215              149.14978103393088
153.05570044678512              149.14978103393088
151.41423376987555              149.14978103393088
150.22888848679202              149.14978103393088
149.98347446663277              149.14978103393088
150.25831987572647              149.14978103393088
150.41101189729855              149.14978103393088
151.13086348507136              149.14978103393088
150.9340951339326               149.14978103393088
151.0197685463895               149.14978103393088
150.36920261061564              149.14978103393088
150.2290190206987               149.14978103393088
150.10971115137323              149.14978103393088
150.28015652394737              149.14978103393088
151.59351229473322              149.14978103393088
151.98201397010786              149.14978103393088
151.2295685201589               149.14978103393088
152.35084074347705              149.14978103393088
153.2508085227072               149.14978103393088
153.02638677723172              149.14978103393088
152.92667698358036              149.14978103393088
152.11273981703442              149.14978103393088
152.8929966668474               149.14978103393088
151.24973670031548              149.14978103393088
150.84390889814236              149.14978103393088
150.33933985816378              149.14978103393088
150.42824205351278              149.14978103393088
150.54493783253503              149.14978103393088
150.44642872867254              149.14978103393088
150.4643770540359               149.14978103393088
151.4562060753538               149.14978103393088
151.78093735454888              149.14978103393088
152.50319914689712              149.14978103393088
150.7187395970314               149.14978103393088
153.66073383260402              149.14978103393088
152.96794909494844              149.14978103393088
152.3824992315366               149.14978103393088
151.01395892081544              149.14978103393088
150.4090690954277               149.14978103393088
150.68363836409236              149.14978103393088
151.9170598310758               149.14978103393088
151.44702627946555              149.14978103393088
150.91341218744523              149.14978103393088
150.47848860456355              149.14978103393088
150.85053955847926              149.14978103393088
150.0745419955024               149.14978103393088
150.09490122067925              149.14978103393088
151.80828456641325              149.14978103393088
151.66205063000282              149.14978103393088
151.30954555392938              149.14978103393088
150.71911304497561              149.14978103393088
149.86047691212244              149.14978103393088
149.71701314820683              149.14978103393088
149.79212691471398              149.14978103393088
149.97684031805088              149.14978103393088
150.16959318731855              149.14978103393088
150.2574332095225               149.14978103393088
150.23045121486155              149.14978103393088
149.84624141677213              149.14978103393088
150.0713365979018               149.14978103393088
150.11815442305098              149.14978103393088
151.03390642425936              149.14978103393088
150.30347441461467              149.14978103393088
151.24575970234218              149.14978103393088
152.25263802726883              149.14978103393088
152.59667602318157              149.14978103393088
152.23294437274114              149.14978103393088
151.66387938770507              149.14978103393088
151.30340725682237              149.14978103393088
150.82634034507194              149.14978103393088
150.49033089698437              149.14978103393088
150.11724179380644              149.14978103393088
150.25690178922         149.14978103393088
150.31774605869438              149.14978103393088
150.0935515333274               149.14978103393088
150.27857831880556              149.14978103393088
150.0107677827971               149.14978103393088
151.62041188496553              149.14978103393088
152.37567902134558              149.14978103393088
152.23625824082674              149.14978103393088
152.72879229221505              149.14978103393088

2 0 7 12 4 1 11 5 14 3 8 13 10 6 9 

------SHREDDED DOCUMENT------

elH  omyae o,tk
 s.u'yaIruf t o
ttleisy,vor' e 
efnt uh',owas l
cs re oaeuy.r A
uo hf  piA?r st
euroo   oI,?ykL
j  dte u konste
ocne uew  ha,ts
iicl  gty.nsyif
O, oyltkkh  a,o
 ye tiicfny ils
,'gfeet iihrwg 
g nynr   rfaaom
b,odsaho a  tIn
ebva wa nr oad 
oNr  ntwoh o.fe
skisase e.semn 
BI g mguo n'ti 
aobt tech ruke 
esbtu mc'y easi
j  y.kno?dAOb a
In daty o m'c  
onjaa ibbtsd yb
 d.n emI'a otts
twt  a eyduhrot
driaowo,tuy   h
w.  eI eygu rof
  orthyoeo tu,e
 huag,yfno tid 
 huog lf litikt
 y. aieSh,r ten
yr o'  ooI,eudg
le'ysd lobrn u 
orr etetc m hoo
iyf  u nbitodu,
  fputty  usooe
hdt, oua  ootyr
rnaeaAren.e  gv
Ag  itdlg ohro,
h ch.eha,etYt a
c  fysnilgiity 
  .            


------UNSHREDDED DOCUMENT------

Hey, look at me
. It's your fau
lt, it's everyo
ne's fault, who
 cares. Are you
 up for this? A
re you? Look, I
 just need to k
now, cause the 
city is flying.
 Okay, look, th
e city is flyin
g, we're fighti
ng an army of r
obots, and I ha
ve a bow and ar
row. None of th
is makes sense.
 But I'm going 
back out there 
because it's my
 job. Okay? And
 I can't do my 
job and babysit
. It doesn't ma
tter what you d
id, or what you
 were. If you g
o out there, yo
u fight, and yo
u fight to kill
. Stay in here,
 you're good, I
'll send your b
rother to come 
find you, but i
f you step out 
that door, you 
are an Avenger.
 Alright, good 
chat. Yeah, the
 city is flying
.  